0.104955076577
0.0625934615742
0.0301315078555
0.00565909381703
-0.0124361195499
-0.0254907525078
-0.0346007411526
-0.0406583674937
-0.0443838699392
-0.0463515434942
-0.0470127333289
-0.0467199394764
-0.0457481777241
-0.0443106487999
-0.0425687612104
-0.0406426983057
-0.0386213957652
-0.0365705916137
-0.0345374974992
-0.0325542454611
-0.0306412666681
-0.0288124388967
-0.0270769686447
-0.0254391870476
-0.023898708612
-0.0224526534727
-0.0210974161293
-0.0198296178419
-0.0186451769122
-0.0175395127667
-0.0165078861008
