-0.0434575057466
-0.043398615905
-0.0431784082613
-0.0427929371726
-0.0422322478302
-0.0414911020534
-0.0405770963377
-0.0394899358931
-0.0382529771071
-0.036884814384
-0.0354136114456
-0.0338766251301
-0.0323081417065
-0.0307610191726
-0.0292734894393
-0.0278939433124
-0.0266667352511
-0.0256305733639
-0.024826410695
-0.0242715717869
-0.0239901840151
-0.0239866465427
-0.024256923024
-0.0247909452683
-0.0255592343415
-0.0265402252679
-0.0276899037305
-0.0289676568274
-0.0303299691151
-0.0317297876789
-0.0331316244157
-0.0344868390833
-0.0357663609166
-0.036939237033
-0.0379817028774
-0.0388816720848
-0.0396221149021
-0.0402093352863
-0.0406426076017
-0.040931297079
-0.041091481076
-0.0411374228626
-0.041103884905
-0.0410006406043
-0.0408575317133
-0.0406980506754
-0.0405446695093
-0.0404236017912
-0.0403445075408
-0.0403299948347
-0.0403852338236
-0.0405139660646
-0.0407170986022
-0.0409832253566
-0.0413098066038
-0.0416730324344
-0.0420568254912
-0.0424383055852
-0.0427918033675
-0.0430977493598
-0.0433218799697
-0.0434463264276
-0.0434519501012
-0.0433166191136
-0.043023303711
-0.0425550875201
-0.0419143061784
-0.0410925468529
-0.0400970432199
-0.0389396095298
-0.0376366406056
