0.037382532187
0.0146619605475
-0.00247269306247
-0.0154540595289
-0.0251229461042
-0.0322027658518
-0.0372391285062
-0.0406516326909
-0.0427736851604
-0.0438736122515
-0.0441680161068
-0.0438335662523
-0.0430170224302
-0.041840586165
-0.0404050754144
-0.0387930765474
-0.0370708037875
-0.0352913645702
-0.033496233489
-0.0317166355386
-0.0299748840058
-0.0282873737135
-0.0266664631376
-0.0251201796194
-0.0236525821815
-0.0222641470221
-0.020954103153
-0.0197209086001
-0.0185628399792
-0.0174773802425
-0.016461173327
