0.0510281951141
0.0215593963927
-0.00062867230137
-0.0170394820019
-0.0289074517717
-0.0372279718631
-0.0427979485916
-0.0462533786406
-0.0481008234937
-0.0487398134225
-0.0484812604871
-0.0475669373057
-0.046187255122
-0.0444919442501
-0.0425957684501
-0.0405846474803
-0.0385226640093
-0.0364583675759
-0.0344274957198
-0.0324547653935
-0.0305561632508
-0.0287428459344
-0.0270222965582
-0.0253979392148
-0.0238689802403
-0.0224323810358
-0.0210848535676
-0.0198230190959
-0.0186430907105
-0.0175408279807
-0.0165114689249
