0.630773628263
0.494126950566
0.385799075662
0.296601215446
0.222692219343
0.162080558537
0.113769776998
0.0759525665778
0.046757967303
0.0245284693677
0.00785683912117
-0.00442941405915
-0.0132876979521
-0.0194886826212
-0.0236511535871
-0.0262702662522
-0.0277353012902
-0.0283480776434
-0.0283420457996
-0.0278973447281
-0.0271503258402
-0.0262028048433
-0.0251309054165
-0.0239910457067
-0.022824042701
-0.0216581281481
-0.0205132116669
-0.0194027628641
-0.0183357387997
-0.0173172642736
-0.0163498336572
