-0.0194886826212
-0.019688527124
-0.0202529126714
-0.0211736985427
-0.0224072332371
-0.0239013163642
-0.0256175119281
-0.0274722584863
-0.0294249884886
-0.031397786843
-0.0333371832971
-0.0351997531109
-0.0369253592578
-0.0385025276291
-0.0398811213599
-0.0410556981841
-0.0420132873719
-0.0427463604555
-0.0432812670678
-0.0436085059217
-0.0437354240751
-0.0437362630908
-0.0436458534647
-0.0434357593631
-0.043151786515
-0.0428500582782
-0.0425395770646
-0.0422591643653
-0.042033446428
-0.0418735572203
-0.0418148487872
-0.0418404274324
-0.0419694091111
-0.0421832447699
-0.042468442127
-0.042819196101
-0.0431908120899
-0.0435783013517
-0.0439300303976
-0.0442214410075
-0.04442291819
-0.0444918762214
-0.0444222832591
-0.0441645013108
-0.0437144486787
-0.0430478392552
-0.0421535617499
-0.0410461515449
-0.0397107104395
-0.0381851528807
-0.0364748077516
-0.0346181564007
-0.0326623424478
-0.0306425365298
-0.0286379009257
-0.0266844226116
-0.0248587468189
-0.0232167474667
-0.0218123710058
-0.020715550541
-0.0199454247038
-0.019552833319
-0.0195367786376
-0.0199003672857
-0.0206362068541
-0.0216980154146
-0.0230674933511
-0.0246694920565
-0.0264572987562
-0.028365923737
-0.0303262729106
