0.597275444628
0.456217969953
0.349014739094
0.265534681127
0.198063634978
0.143012993839
0.0990672715774
0.0645966005558
0.037968822851
0.0177160008836
0.00257199172167
-0.00853061419243
-0.0164699943314
-0.02195656835
-0.025563542801
-0.0277511292108
-0.0288812155197
-0.0292340330189
-0.0290264559645
-0.0284259020315
-0.0275585864131
-0.0265184108557
-0.0253750590262
-0.0241803684977
-0.0229713466711
-0.0217733454314
-0.0206037800257
-0.0194745780848
-0.0183933134273
-0.0173639316951
-0.0163881789485
